instance: ../instances/set_1_2/p1.2.a.txt
position: 32
0 0 0 0 0 0 0 0 0 0 0 0 0 0 0 0 0 0 0 0 0 0 0 0 0 0 0 0 0 0 0 0 
mean: 0
stand desv: 0


instance: ../instances/set_1_2/p1.2.b.txt
position: 32
15 15 15 15 15 15 15 15 15 15 15 15 15 15 15 15 15 15 15 15 15 15 15 15 15 15 15 15 15 15 15 15 
mean: 15
stand desv: 0


instance: ../instances/set_1_2/p1.2.c.txt
position: 32
20 20 20 20 20 20 20 20 20 20 20 20 20 20 20 20 20 20 20 20 20 20 20 20 20 20 20 20 20 20 20 20 
mean: 20
stand desv: 0


instance: ../instances/set_1_2/p1.2.d.txt
position: 32
30 30 30 30 30 30 30 30 30 30 30 30 30 30 30 30 30 30 30 30 30 30 30 30 30 30 30 30 30 30 30 30 
mean: 30
stand desv: 0


instance: ../instances/set_1_2/p1.2.e.txt
position: 32
45 45 45 45 45 45 45 45 45 45 45 45 45 45 45 45 45 45 45 45 45 45 45 45 45 45 45 45 45 45 45 45 
mean: 45
stand desv: 0


instance: ../instances/set_1_2/p1.2.f.txt
position: 32
80 80 80 80 80 80 80 80 80 80 80 80 80 80 80 80 80 80 80 80 80 80 80 80 80 80 80 80 80 80 80 80 
mean: 80
stand desv: 0


instance: ../instances/set_1_2/p1.2.g.txt
position: 32
85 85 90 85 85 85 90 85 85 85 85 85 85 85 90 85 85 85 85 85 85 85 90 85 85 85 85 85 85 85 85 85 
mean: 85.625
stand desv: 1.65359


instance: ../instances/set_1_2/p1.2.h.txt
position: 32
105 105 105 105 110 105 105 105 105 105 110 110 105 105 105 105 110 105 105 105 110 105 105 105 105 105 105 105 110 105 105 105 
mean: 105.938
stand desv: 1.95156


instance: ../instances/set_1_2/p1.2.i.txt
position: 32
130 130 130 130 130 130 130 130 130 130 130 130 130 130 130 130 130 130 130 130 130 130 130 130 130 130 130 130 130 130 130 130 
mean: 130
stand desv: 0


instance: ../instances/set_1_2/p1.2.j.txt
position: 32
150 150 150 145 150 150 150 150 145 145 150 145 150 150 150 150 150 145 145 150 150 150 150 150 150 150 145 150 150 150 150 150 
mean: 148.906
stand desv: 2.06699


instance: ../instances/set_1_2/p1.2.k.txt
position: 32
165 165 165 165 160 165 165 165 165 160 165 165 160 165 165 165 160 160 165 165 160 165 165 165 160 160 165 165 160 160 165 165 
mean: 163.438
stand desv: 2.31756


instance: ../instances/set_1_2/p1.2.l.txt
position: 32
180 185 185 180 180 180 185 185 180 185 185 185 180 180 185 185 180 190 185 185 190 180 185 180 185 185 185 185 180 180 185 185 
mean: 183.438
stand desv: 2.91481


instance: ../instances/set_1_2/p1.2.m.txt
position: 32
200 190 190 190 200 195 195 195 195 195 190 190 200 195 195 195 200 195 200 195 200 205 205 195 185 195 200 195 200 195 195 195 
mean: 195.781
stand desv: 4.34982


instance: ../instances/set_1_2/p1.2.n.txt
position: 32
205 205 210 200 205 200 210 200 205 205 200 205 205 200 205 200 210 205 205 205 205 205 210 200 210 205 205 205 205 205 205 200 
mean: 204.531
stand desv: 3.15223


instance: ../instances/set_1_2/p1.2.o.txt
position: 32
215 220 220 215 210 215 215 220 210 215 205 215 210 215 215 215 215 210 210 210 215 220 220 215 215 215 215 210 215 215 215 215 
mean: 214.375
stand desv: 3.47985


instance: ../instances/set_1_2/p1.2.p.txt
position: 32
230 215 220 215 220 210 220 210 230 215 220 215 215 225 210 210 215 225 230 210 230 215 225 235 215 225 230 210 215 220 230 215 
mean: 219.531
stand desv: 7.43297


instance: ../instances/set_1_2/p1.2.q.txt
position: 32
230 220 225 225 230 230 235 225 230 230 240 235 225 225 225 235 230 240 235 235 230 220 235 225 230 225 225 235 230 240 235 235 
mean: 230.312
stand desv: 5.43965


instance: ../instances/set_1_2/p1.2.r.txt
position: 32
245 240 235 235 240 245 240 245 240 235 230 235 240 235 240 235 245 235 240 240 230 240 235 240 240 245 240 235 240 235 245 235 
mean: 238.594
stand desv: 4.18971


instance: ../instances/set_1_3/p1.3.a.txt
position: 32
0 0 0 0 0 0 0 0 0 0 0 0 0 0 0 0 0 0 0 0 0 0 0 0 0 0 0 0 0 0 0 0 
mean: 0
stand desv: 0


instance: ../instances/set_1_3/p1.3.b.txt
position: 32
0 0 0 0 0 0 0 0 0 0 0 0 0 0 0 0 0 0 0 0 0 0 0 0 0 0 0 0 0 0 0 0 
mean: 0
stand desv: 0


instance: ../instances/set_1_3/p1.3.c.txt
position: 32
15 15 15 15 15 15 15 15 15 15 15 15 15 15 15 15 15 15 15 15 15 15 15 15 15 15 15 15 15 15 15 15 
mean: 15
stand desv: 0


instance: ../instances/set_1_3/p1.3.d.txt
position: 32
15 15 15 15 15 15 15 15 15 15 15 15 15 15 15 15 15 15 15 15 15 15 15 15 15 15 15 15 15 15 15 15 
mean: 15
stand desv: 0


instance: ../instances/set_1_3/p1.3.e.txt
position: 32
30 30 30 30 30 30 30 30 30 30 30 30 30 30 30 30 30 30 30 30 30 30 30 30 30 30 30 30 30 30 30 30 
mean: 30
stand desv: 0


instance: ../instances/set_1_3/p1.3.f.txt
position: 32
40 40 40 40 40 40 40 40 40 40 40 40 40 40 40 40 40 40 40 40 40 40 40 40 40 40 40 40 40 40 40 40 
mean: 40
stand desv: 0


instance: ../instances/set_1_3/p1.3.g.txt
position: 32
50 50 50 50 50 50 50 50 50 50 50 50 50 50 50 50 50 50 50 50 50 50 50 50 50 50 50 50 50 50 50 50 
mean: 50
stand desv: 0


instance: ../instances/set_1_3/p1.3.h.txt
position: 32
70 70 70 70 70 70 70 70 70 70 70 70 70 70 70 70 70 70 70 70 70 70 70 70 70 70 70 70 70 70 70 70 
mean: 70
stand desv: 0


instance: ../instances/set_1_3/p1.3.i.txt
position: 32
100 100 100 100 100 100 100 100 100 100 100 100 100 105 100 100 100 100 100 100 100 100 100 100 100 100 100 100 100 105 100 100 
mean: 100.312
stand desv: 1.21031


instance: ../instances/set_1_3/p1.3.j.txt
position: 32
105 110 105 110 110 115 110 110 105 105 110 110 110 105 110 105 110 110 105 110 105 110 105 110 110 115 105 110 110 105 105 105 
mean: 108.281
stand desv: 2.96051


instance: ../instances/set_1_3/p1.3.k.txt
position: 32
135 125 130 130 130 130 135 130 130 135 135 130 135 130 130 130 130 135 130 135 135 135 130 130 135 130 130 130 135 130 130 130 
mean: 131.562
stand desv: 2.63317


instance: ../instances/set_1_3/p1.3.l.txt
position: 32
150 145 150 140 145 150 150 150 150 150 150 150 140 150 150 150 145 150 150 150 150 150 150 150 150 150 150 150 150 150 150 150 
mean: 148.906
stand desv: 2.71983


instance: ../instances/set_1_3/p1.3.m.txt
position: 32
165 165 165 170 165 170 165 165 160 165 165 165 160 165 165 165 160 170 160 160 170 165 165 170 170 165 165 165 170 165 165 165 
mean: 165.312
stand desv: 3.04587


instance: ../instances/set_1_3/p1.3.n.txt
position: 32
180 180 180 180 185 180 185 180 175 180 180 180 180 185 180 180 180 180 180 175 180 175 180 180 180 185 180 180 180 180 185 180 
mean: 180.312
stand desv: 2.48039


instance: ../instances/set_1_3/p1.3.o.txt
position: 32
195 190 195 195 195 195 195 195 195 195 195 200 195 195 195 195 195 195 195 190 195 190 195 195 195 195 195 195 195 205 195 195 
mean: 195
stand desv: 2.5


instance: ../instances/set_1_3/p1.3.p.txt
position: 32
200 210 205 210 200 200 205 205 200 215 200 215 200 200 205 205 205 195 200 205 200 210 205 210 205 200 200 205 205 200 210 205 
mean: 204.219
stand desv: 4.69531


instance: ../instances/set_1_3/p1.3.q.txt
position: 32
210 215 210 215 215 210 210 215 215 215 215 220 215 215 220 210 215 210 210 210 215 215 210 215 215 210 210 215 215 225 215 210 
mean: 213.75
stand desv: 3.53553


instance: ../instances/set_1_3/p1.3.r.txt
position: 32
230 230 225 230 230 230 230 225 225 230 235 235 230 220 230 225 240 235 225 225 230 230 235 230 230 230 230 225 225 230 220 235 
mean: 229.219
stand desv: 4.34982


instance: ../instances/set_1_4/p1.4.a.txt
position: 32
0 0 0 0 0 0 0 0 0 0 0 0 0 0 0 0 0 0 0 0 0 0 0 0 0 0 0 0 0 0 0 0 
mean: 0
stand desv: 0


instance: ../instances/set_1_4/p1.4.b.txt
position: 32
0 0 0 0 0 0 0 0 0 0 0 0 0 0 0 0 0 0 0 0 0 0 0 0 0 0 0 0 0 0 0 0 
mean: 0
stand desv: 0


instance: ../instances/set_1_4/p1.4.c.txt
position: 32
0 0 0 0 0 0 0 0 0 0 0 0 0 0 0 0 0 0 0 0 0 0 0 0 0 0 0 0 0 0 0 0 
mean: 0
stand desv: 0


instance: ../instances/set_1_4/p1.4.d.txt
position: 32
15 15 15 15 15 15 15 15 15 15 15 15 15 15 15 15 15 15 15 15 15 15 15 15 15 15 15 15 15 15 15 15 
mean: 15
stand desv: 0


instance: ../instances/set_1_4/p1.4.e.txt
position: 32
15 15 15 15 15 15 15 15 15 15 15 15 15 15 15 15 15 15 15 15 15 15 15 15 15 15 15 15 15 15 15 15 
mean: 15
stand desv: 0


instance: ../instances/set_1_4/p1.4.f.txt
position: 32
25 25 25 25 25 25 25 25 25 25 25 25 25 25 25 25 25 25 25 25 25 25 25 25 25 25 25 25 25 25 25 25 
mean: 25
stand desv: 0


instance: ../instances/set_1_4/p1.4.g.txt
position: 32
35 35 35 35 35 35 35 35 35 35 35 35 35 35 35 35 35 35 35 35 35 35 35 35 35 35 35 35 35 35 35 35 
mean: 35
stand desv: 0


instance: ../instances/set_1_4/p1.4.h.txt
position: 32
45 45 45 45 45 45 45 45 45 45 45 45 45 45 45 45 45 45 45 45 45 45 45 45 45 45 45 45 45 45 45 45 
mean: 45
stand desv: 0


instance: ../instances/set_1_4/p1.4.i.txt
position: 32
60 60 60 60 60 60 60 60 60 60 60 60 60 60 60 60 60 60 60 60 60 60 60 60 60 60 60 60 60 60 60 60 
mean: 60
stand desv: 0


instance: ../instances/set_1_4/p1.4.j.txt
position: 32
75 75 75 75 75 75 75 75 75 75 75 75 75 75 75 75 75 75 75 75 75 75 75 75 75 75 75 75 75 75 75 75 
mean: 75
stand desv: 0


instance: ../instances/set_1_4/p1.4.k.txt
position: 32
100 100 100 100 100 100 100 100 100 100 100 100 100 100 100 100 100 100 100 100 100 100 100 100 100 100 100 100 100 100 100 100 
mean: 100
stand desv: 0


instance: ../instances/set_1_4/p1.4.l.txt
position: 32
120 120 120 120 120 120 120 120 120 120 120 120 120 120 120 120 120 120 120 120 120 120 120 120 120 120 120 120 120 120 120 120 
mean: 120
stand desv: 0


instance: ../instances/set_1_4/p1.4.m.txt
position: 32
125 125 125 125 125 125 130 125 125 125 125 125 125 125 125 125 125 125 125 125 125 125 125 125 125 125 125 125 125 125 125 125 
mean: 125.156
stand desv: 0.869963


instance: ../instances/set_1_4/p1.4.n.txt
position: 32
145 150 150 150 145 145 150 145 150 145 150 150 145 150 150 145 145 145 150 150 150 150 145 150 145 145 150 150 145 145 150 150 
mean: 147.812
stand desv: 2.48039


instance: ../instances/set_1_4/p1.4.o.txt
position: 32
160 160 155 160 160 165 155 160 160 160 155 155 160 165 155 160 155 165 155 165 160 160 160 155 155 155 160 165 160 160 160 155 
mean: 159.062
stand desv: 3.40897


instance: ../instances/set_1_4/p1.4.p.txt
position: 32
165 165 165 165 165 165 165 165 170 165 165 165 165 170 165 165 165 165 160 175 175 170 170 165 165 170 165 165 165 165 160 165 
mean: 166.094
stand desv: 3.24383


instance: ../instances/set_1_4/p1.4.q.txt
position: 32
180 175 180 175 180 175 170 175 175 185 180 175 175 175 180 185 175 175 180 175 180 180 175 175 175 175 175 175 180 175 180 175 
mean: 177.031
stand desv: 3.2738


instance: ../instances/set_1_4/p1.4.r.txt
position: 32
195 195 190 190 195 195 195 195 190 195 190 195 190 195 190 195 190 200 190 190 190 190 195 190 190 200 190 190 195 195 190 190 
mean: 192.656
stand desv: 3.05787


instance: ../instances/set_2_2/p2.2.a.txt
position: 32
90 90 90 90 90 90 90 90 90 90 90 90 90 90 90 90 90 90 90 90 90 90 90 90 90 90 90 90 90 90 90 90 
mean: 90
stand desv: 0


instance: ../instances/set_2_2/p2.2.b.txt
position: 32
120 120 120 120 120 120 120 120 120 120 120 120 120 120 120 120 120 120 120 120 120 120 120 120 120 120 120 120 120 120 120 120 
mean: 120
stand desv: 0


instance: ../instances/set_2_2/p2.2.c.txt
position: 32
140 140 140 140 140 140 140 140 140 140 140 140 140 140 140 140 140 140 140 140 140 140 140 140 140 140 140 140 140 140 140 140 
mean: 140
stand desv: 0


instance: ../instances/set_2_2/p2.2.d.txt
position: 32
160 160 160 160 160 160 160 160 160 160 160 160 160 160 160 160 160 160 160 160 160 160 160 160 160 160 160 160 160 160 160 160 
mean: 160
stand desv: 0


instance: ../instances/set_2_2/p2.2.e.txt
position: 32
190 190 185 180 190 185 180 190 190 180 190 180 190 185 180 190 185 190 185 190 190 190 190 185 185 190 185 190 190 190 190 180 
mean: 186.875
stand desv: 3.90312


instance: ../instances/set_2_2/p2.2.f.txt
position: 32
200 200 200 200 200 200 200 200 200 200 200 200 200 200 200 200 200 200 200 200 200 200 200 200 200 200 200 200 200 200 200 200 
mean: 200
stand desv: 0


instance: ../instances/set_2_2/p2.2.g.txt
position: 32
200 200 200 200 200 200 200 200 200 200 200 200 200 200 200 200 200 200 200 200 200 200 200 200 200 200 200 200 200 200 200 200 
mean: 200
stand desv: 0


instance: ../instances/set_2_2/p2.2.h.txt
position: 32
230 230 230 230 230 230 230 230 230 230 230 230 230 230 230 230 230 230 230 230 230 230 230 230 230 230 230 230 230 230 230 230 
mean: 230
stand desv: 0


instance: ../instances/set_2_2/p2.2.i.txt
position: 32
230 230 230 230 230 230 230 230 230 230 230 230 230 230 230 230 230 230 230 230 230 230 230 230 230 230 230 230 230 230 230 230 
mean: 230
stand desv: 0


instance: ../instances/set_2_2/p2.2.j.txt
position: 32
260 260 260 260 260 260 260 260 260 260 260 260 260 260 260 260 260 260 260 260 260 260 260 260 260 260 260 260 260 260 260 260 
mean: 260
stand desv: 0


instance: ../instances/set_2_2/p2.2.k.txt
position: 32
270 275 275 275 275 275 275 270 275 275 275 270 275 275 275 275 275 270 270 270 270 275 270 270 275 275 275 275 270 275 275 275 
mean: 273.438
stand desv: 2.31756


instance: ../instances/set_2_3/p2.3.a.txt
position: 32
70 70 70 70 70 70 70 70 70 70 70 70 70 70 70 70 70 70 70 70 70 70 70 70 70 70 70 70 70 70 70 70 
mean: 70
stand desv: 0


instance: ../instances/set_2_3/p2.3.b.txt
position: 32
70 70 70 70 70 70 70 70 70 70 70 70 70 70 70 70 70 70 70 70 70 70 70 70 70 70 70 70 70 70 70 70 
mean: 70
stand desv: 0


instance: ../instances/set_2_3/p2.3.c.txt
position: 32
105 105 105 105 105 105 105 105 105 105 105 105 105 105 105 105 105 105 105 105 105 105 105 105 105 105 105 105 105 105 105 105 
mean: 105
stand desv: 0


instance: ../instances/set_2_3/p2.3.d.txt
position: 32
105 105 105 105 105 105 105 105 105 105 105 105 105 105 105 105 105 105 105 105 105 105 105 105 105 105 105 105 105 105 105 105 
mean: 105
stand desv: 0


instance: ../instances/set_2_3/p2.3.e.txt
position: 32
120 120 120 120 120 120 120 120 120 120 120 120 120 120 120 120 120 120 120 120 120 120 120 120 120 120 120 120 120 120 120 120 
mean: 120
stand desv: 0


instance: ../instances/set_2_3/p2.3.f.txt
position: 32
120 120 120 120 120 120 120 120 120 120 120 120 120 120 120 120 120 120 120 120 120 120 120 120 120 120 120 120 120 120 120 120 
mean: 120
stand desv: 0


instance: ../instances/set_2_3/p2.3.g.txt
position: 32
145 145 145 145 145 145 145 145 145 145 145 145 145 145 145 145 145 145 145 145 145 145 145 145 145 145 145 145 145 145 145 145 
mean: 145
stand desv: 0


instance: ../instances/set_2_3/p2.3.h.txt
position: 32
165 165 165 165 165 165 165 165 165 165 165 165 165 165 165 165 165 165 165 165 165 165 165 165 165 165 165 165 165 165 165 165 
mean: 165
stand desv: 0


instance: ../instances/set_2_3/p2.3.i.txt
position: 32
200 200 200 200 200 200 200 200 200 200 200 200 200 200 200 200 200 200 200 200 200 200 200 200 200 200 200 200 200 200 200 200 
mean: 200
stand desv: 0


instance: ../instances/set_2_3/p2.3.j.txt
position: 32
200 200 200 200 200 200 200 200 200 200 200 200 200 200 200 200 200 200 200 200 200 200 200 200 200 200 200 200 200 200 200 200 
mean: 200
stand desv: 0


instance: ../instances/set_2_3/p2.3.k.txt
position: 32
200 200 200 200 200 200 200 200 200 200 200 200 200 200 200 200 200 200 200 200 200 200 200 200 200 200 200 200 200 200 200 200 
mean: 200
stand desv: 0


instance: ../instances/set_2_4/p2.4.a.txt
position: 32
10 10 10 10 10 10 10 10 10 10 10 10 10 10 10 10 10 10 10 10 10 10 10 10 10 10 10 10 10 10 10 10 
mean: 10
stand desv: 0


instance: ../instances/set_2_4/p2.4.b.txt
position: 32
70 70 70 70 70 70 70 70 70 70 70 70 70 70 70 70 70 70 70 70 70 70 70 70 70 70 70 70 70 70 70 70 
mean: 70
stand desv: 0


instance: ../instances/set_2_4/p2.4.c.txt
position: 32
70 70 70 70 70 70 70 70 70 70 70 70 70 70 70 70 70 70 70 70 70 70 70 70 70 70 70 70 70 70 70 70 
mean: 70
stand desv: 0


instance: ../instances/set_2_4/p2.4.d.txt
position: 32
70 70 70 70 70 70 70 70 70 70 70 70 70 70 70 70 70 70 70 70 70 70 70 70 70 70 70 70 70 70 70 70 
mean: 70
stand desv: 0


instance: ../instances/set_2_4/p2.4.e.txt
position: 32
70 70 70 70 70 70 70 70 70 70 70 70 70 70 70 70 70 70 70 70 70 70 70 70 70 70 70 70 70 70 70 70 
mean: 70
stand desv: 0


instance: ../instances/set_2_4/p2.4.f.txt
position: 32
105 105 105 105 105 105 105 105 105 105 105 105 105 105 105 105 105 105 105 105 105 105 105 105 105 105 105 105 105 105 105 105 
mean: 105
stand desv: 0


instance: ../instances/set_2_4/p2.4.g.txt
position: 32
105 105 105 105 105 105 105 105 105 105 105 105 105 105 105 105 105 105 105 105 105 105 105 105 105 105 105 105 105 105 105 105 
mean: 105
stand desv: 0


instance: ../instances/set_2_4/p2.4.h.txt
position: 32
120 120 120 120 120 120 120 120 120 120 120 120 120 120 120 120 120 120 120 120 120 120 120 120 120 120 120 120 120 120 120 120 
mean: 120
stand desv: 0


instance: ../instances/set_2_4/p2.4.i.txt
position: 32
120 120 120 120 120 120 120 120 120 120 120 120 120 120 120 120 120 120 120 120 120 120 120 120 120 120 120 120 120 120 120 120 
mean: 120
stand desv: 0


instance: ../instances/set_2_4/p2.4.j.txt
position: 32
120 120 120 120 120 120 120 120 120 120 120 120 120 120 120 120 120 120 120 120 120 120 120 120 120 120 120 120 120 120 120 120 
mean: 120
stand desv: 0


instance: ../instances/set_2_4/p2.4.k.txt
position: 32
180 180 180 180 180 180 180 180 180 180 180 180 180 180 180 180 180 180 180 180 180 180 180 180 180 180 180 180 180 180 180 180 
mean: 180
stand desv: 0


instance: ../instances/set_3_2/p3.2.a.txt
position: 32
90 90 90 90 90 90 90 90 90 90 90 90 90 90 90 90 90 90 90 90 90 90 90 90 90 90 90 90 90 90 90 90 
mean: 90
stand desv: 0


instance: ../instances/set_3_2/p3.2.b.txt
position: 32
150 150 150 150 150 150 150 150 150 150 150 150 150 150 150 150 150 150 150 150 150 150 150 150 150 150 150 150 150 150 150 150 
mean: 150
stand desv: 0


instance: ../instances/set_3_2/p3.2.c.txt
position: 32
180 180 180 180 180 180 180 180 180 180 180 180 180 180 180 180 180 180 180 180 180 180 180 180 180 180 180 180 180 180 180 180 
mean: 180
stand desv: 0


instance: ../instances/set_3_2/p3.2.d.txt
position: 32
220 220 220 220 220 220 220 220 220 220 220 220 220 220 220 220 220 220 220 220 220 220 220 220 220 220 220 220 220 220 220 220 
mean: 220
stand desv: 0


instance: ../instances/set_3_2/p3.2.e.txt
position: 32
250 250 250 250 250 250 250 250 250 250 250 260 250 250 250 250 250 250 250 250 250 250 250 250 250 250 250 250 250 250 250 250 
mean: 250.312
stand desv: 1.73993


instance: ../instances/set_3_2/p3.2.f.txt
position: 32
280 290 290 290 290 290 290 290 280 290 290 290 280 280 280 290 290 290 290 290 280 290 290 290 290 290 290 290 290 290 290 290 
mean: 288.125
stand desv: 3.90312


instance: ../instances/set_3_2/p3.2.g.txt
position: 32
360 340 350 350 350 350 350 350 350 350 350 350 350 350 350 350 350 350 350 350 360 340 350 350 350 350 350 350 350 350 350 350 
mean: 350
stand desv: 3.53553


instance: ../instances/set_3_2/p3.2.h.txt
position: 32
380 380 380 390 380 380 390 390 380 390 390 380 390 400 390 380 380 380 390 380 390 400 380 390 380 380 390 380 390 400 380 390 
mean: 385.938
stand desv: 6.5476


instance: ../instances/set_3_2/p3.2.i.txt
position: 32
440 420 430 430 440 440 440 440 430 420 440 430 440 440 440 440 440 440 420 440 440 420 420 440 440 440 420 440 440 440 420 440 
mean: 434.375
stand desv: 8.26797


instance: ../instances/set_3_2/p3.2.j.txt
position: 32
470 470 480 480 480 490 480 480 470 470 460 470 470 470 480 480 480 490 480 480 470 470 480 460 480 490 460 490 470 470 480 480 
mean: 475.938
stand desv: 8.23839


instance: ../instances/set_3_2/p3.2.k.txt
position: 32
500 500 530 510 510 530 510 510 520 500 510 510 500 520 500 500 510 530 510 510 500 510 530 510 500 500 500 510 500 500 490 510 
mean: 508.75
stand desv: 10.2317


instance: ../instances/set_3_2/p3.2.l.txt
position: 32
550 550 540 540 560 550 550 540 530 540 550 530 530 540 540 550 560 550 550 540 540 530 540 550 540 560 550 550 550 550 540 550 
mean: 545
stand desv: 8.29156


instance: ../instances/set_3_2/p3.2.m.txt
position: 32
570 570 590 560 580 570 570 580 570 560 590 560 560 560 550 570 580 570 560 570 560 560 550 570 580 570 560 580 560 570 590 560 
mean: 568.75
stand desv: 10.5327


instance: ../instances/set_3_2/p3.2.n.txt
position: 32
600 590 600 580 600 590 600 600 590 610 600 600 590 590 610 600 590 590 600 610 590 590 600 580 600 590 590 590 590 590 600 580 
mean: 594.688
stand desv: 7.89952


instance: ../instances/set_3_2/p3.2.o.txt
position: 32
620 640 630 620 620 620 620 620 620 620 610 630 640 620 630 630 620 630 620 630 630 640 630 620 620 630 630 620 630 640 630 620 
mean: 625.938
stand desv: 7.44118


instance: ../instances/set_3_2/p3.2.p.txt
position: 32
650 650 640 660 640 640 640 660 670 650 650 650 660 650 660 680 660 650 650 660 650 640 640 650 640 640 640 660 660 650 670 650 
mean: 651.875
stand desv: 10.1358


instance: ../instances/set_3_2/p3.2.q.txt
position: 32
670 690 700 670 690 710 670 690 690 690 680 690 690 700 680 670 690 710 670 680 690 670 700 670 690 710 680 690 690 670 700 670 
mean: 686.25
stand desv: 12.6861


instance: ../instances/set_3_2/p3.2.r.txt
position: 32
700 690 710 700 710 710 710 690 710 710 690 710 720 690 710 700 700 700 720 710 700 710 710 700 710 710 720 690 720 690 710 700 
mean: 705
stand desv: 9.35414


instance: ../instances/set_3_2/p3.2.s.txt
position: 32
720 720 710 730 730 730 730 720 730 730 740 720 720 730 730 740 750 730 710 720 720 720 710 730 730 730 730 720 720 730 730 710 
mean: 725.625
stand desv: 8.99218


instance: ../instances/set_3_2/p3.2.t.txt
position: 32
740 740 730 750 750 740 740 750 750 750 770 760 740 750 760 740 730 770 740 760 740 740 730 760 750 740 750 740 740 750 750 740 
mean: 746.562
stand desv: 10.1887


instance: ../instances/set_3_3/p3.3.a.txt
position: 32
30 30 30 30 30 30 30 30 30 30 30 30 30 30 30 30 30 30 30 30 30 30 30 30 30 30 30 30 30 30 30 30 
mean: 30
stand desv: 0


instance: ../instances/set_3_3/p3.3.b.txt
position: 32
90 90 90 90 90 90 90 90 90 90 90 90 90 90 90 90 90 90 90 90 90 90 90 90 90 90 90 90 90 90 90 90 
mean: 90
stand desv: 0


instance: ../instances/set_3_3/p3.3.c.txt
position: 32
120 120 120 120 120 120 120 120 120 120 120 120 120 120 120 120 120 120 120 120 120 120 120 120 120 120 120 120 120 120 120 120 
mean: 120
stand desv: 0


instance: ../instances/set_3_3/p3.3.d.txt
position: 32
170 170 170 170 170 170 170 170 170 170 170 170 170 170 170 170 170 170 170 170 170 170 170 170 170 170 170 170 170 170 170 170 
mean: 170
stand desv: 0


instance: ../instances/set_3_3/p3.3.e.txt
position: 32
200 200 200 200 200 200 200 200 200 200 200 200 200 200 200 200 200 200 200 200 200 200 200 200 200 200 200 200 200 200 200 200 
mean: 200
stand desv: 0


instance: ../instances/set_3_3/p3.3.f.txt
position: 32
230 230 230 230 230 230 230 230 230 230 230 230 230 230 230 230 230 230 230 230 230 230 230 230 230 230 230 230 230 230 230 230 
mean: 230
stand desv: 0


instance: ../instances/set_3_3/p3.3.g.txt
position: 32
270 270 270 270 260 270 270 270 270 270 270 260 260 270 270 260 270 270 270 270 270 260 270 270 260 270 270 270 270 270 270 260 
mean: 267.812
stand desv: 4.13399


instance: ../instances/set_3_3/p3.3.h.txt
position: 32
300 300 300 300 300 300 300 300 300 300 300 300 300 300 300 300 300 300 300 300 300 300 300 300 300 300 300 300 300 300 300 300 
mean: 300
stand desv: 0


instance: ../instances/set_3_3/p3.3.i.txt
position: 32
320 320 330 320 320 320 320 320 320 320 320 320 320 330 320 320 320 330 320 330 330 320 320 330 330 330 330 320 320 330 320 320 
mean: 323.125
stand desv: 4.63512


instance: ../instances/set_3_3/p3.3.j.txt
position: 32
370 370 370 370 370 370 370 370 370 370 370 370 370 370 370 380 370 370 370 370 370 370 370 370 360 370 370 370 370 370 370 380 
mean: 370.312
stand desv: 3.04587


instance: ../instances/set_3_3/p3.3.k.txt
position: 32
430 430 420 430 430 420 430 420 420 420 420 410 420 410 430 430 430 410 430 430 430 420 420 430 430 420 430 430 430 410 430 430 
mean: 424.375
stand desv: 7.04339


instance: ../instances/set_3_3/p3.3.l.txt
position: 32
460 440 450 470 450 460 470 460 440 440 460 440 450 470 440 460 450 440 460 460 450 460 440 450 450 450 450 450 460 440 450 470 
mean: 452.812
stand desv: 9.75781


instance: ../instances/set_3_3/p3.3.m.txt
position: 32
500 500 500 480 500 500 490 500 490 500 490 500 490 500 500 500 500 500 500 490 500 490 490 490 490 500 500 500 500 500 500 480 
mean: 495.938
stand desv: 6.05154


instance: ../instances/set_3_3/p3.3.n.txt
position: 32
520 520 510 530 530 550 530 530 530 520 530 520 540 530 530 530 540 530 520 530 520 520 530 540 530 520 530 520 520 520 530 550 
mean: 528.125
stand desv: 8.81671


instance: ../instances/set_3_3/p3.3.o.txt
position: 32
580 550 560 550 560 540 560 550 560 560 540 550 570 560 560 550 560 560 550 550 560 550 550 560 560 560 550 560 580 550 560 550 
mean: 556.562
stand desv: 8.87742


instance: ../instances/set_3_3/p3.3.p.txt
position: 32
600 610 590 590 600 590 590 590 590 610 580 590 600 600 610 600 600 610 590 580 590 580 590 600 590 590 580 590 600 590 590 590 
mean: 593.75
stand desv: 8.56957


instance: ../instances/set_3_3/p3.3.q.txt
position: 32
610 620 620 620 620 650 620 610 620 620 610 660 620 610 620 610 620 620 630 620 620 630 610 610 620 620 620 620 630 630 630 620 
mean: 621.562
stand desv: 10.6388


instance: ../instances/set_3_3/p3.3.r.txt
position: 32
650 660 660 660 660 650 640 640 670 670 660 660 650 660 670 660 640 670 650 640 640 650 650 640 640 640 670 640 640 640 650 650 
mean: 652.188
stand desv: 10.8208


instance: ../instances/set_3_3/p3.3.s.txt
position: 32
670 680 680 660 680 670 680 660 690 680 680 680 680 680 660 660 660 660 670 660 680 670 670 690 680 670 680 680 680 660 670 680 
mean: 673.438
stand desv: 9.22272


instance: ../instances/set_3_3/p3.3.t.txt
position: 32
690 690 690 690 700 690 700 690 690 690 690 700 700 680 690 690 680 670 700 690 700 690 700 690 710 690 690 690 690 690 690 670 
mean: 690.938
stand desv: 8.0465


instance: ../instances/set_3_4/p3.4.a.txt
position: 32
20 20 20 20 20 20 20 20 20 20 20 20 20 20 20 20 20 20 20 20 20 20 20 20 20 20 20 20 20 20 20 20 
mean: 20
stand desv: 0


instance: ../instances/set_3_4/p3.4.b.txt
position: 32
30 30 30 30 30 30 30 30 30 30 30 30 30 30 30 30 30 30 30 30 30 30 30 30 30 30 30 30 30 30 30 30 
mean: 30
stand desv: 0


instance: ../instances/set_3_4/p3.4.c.txt
position: 32
90 90 90 90 90 90 90 90 90 90 90 90 90 90 90 90 90 90 90 90 90 90 90 90 90 90 90 90 90 90 90 90 
mean: 90
stand desv: 0


instance: ../instances/set_3_4/p3.4.d.txt
position: 32
100 100 100 100 100 100 100 100 100 100 100 100 100 100 100 100 100 100 100 100 100 100 100 100 100 100 100 100 100 100 100 100 
mean: 100
stand desv: 0


instance: ../instances/set_3_4/p3.4.e.txt
position: 32
140 140 140 140 140 140 140 140 140 140 140 140 140 140 140 140 140 140 140 140 140 140 140 140 140 140 140 140 140 140 140 140 
mean: 140
stand desv: 0


instance: ../instances/set_3_4/p3.4.f.txt
position: 32
190 190 190 190 190 190 190 190 190 190 190 190 190 190 190 190 190 190 190 190 190 190 190 190 190 190 190 190 190 190 190 190 
mean: 190
stand desv: 0


instance: ../instances/set_3_4/p3.4.g.txt
position: 32
220 220 220 220 220 220 220 220 220 220 220 220 220 220 220 220 220 220 220 220 220 220 220 220 220 220 220 220 220 220 220 220 
mean: 220
stand desv: 0


instance: ../instances/set_3_4/p3.4.h.txt
position: 32
240 240 240 240 240 240 240 240 240 240 240 240 240 240 240 240 240 240 240 240 240 240 240 240 240 240 240 240 240 240 240 240 
mean: 240
stand desv: 0


instance: ../instances/set_3_4/p3.4.i.txt
position: 32
260 260 270 260 260 260 260 260 270 260 270 270 270 270 270 270 270 270 270 270 270 260 260 260 270 270 260 260 270 260 260 260 
mean: 265
stand desv: 5


instance: ../instances/set_3_4/p3.4.j.txt
position: 32
310 310 310 310 310 310 310 310 310 310 310 310 310 310 310 310 310 310 310 310 310 310 310 310 310 310 310 310 310 310 310 310 
mean: 310
stand desv: 0


instance: ../instances/set_3_4/p3.4.k.txt
position: 32
350 350 350 340 340 350 350 350 350 350 350 350 340 350 350 350 350 350 350 350 350 350 350 350 350 350 350 350 350 350 350 350 
mean: 349.062
stand desv: 2.91481


instance: ../instances/set_3_4/p3.4.l.txt
position: 32
370 370 370 370 370 370 370 370 370 370 370 370 370 370 360 370 370 370 370 360 370 370 370 370 370 380 370 370 370 370 370 370 
mean: 369.688
stand desv: 3.04587


instance: ../instances/set_3_4/p3.4.m.txt
position: 32
390 390 390 390 380 380 380 380 380 380 380 390 390 390 380 380 390 380 380 380 380 380 380 380 380 390 390 380 380 380 390 380 
mean: 383.438
stand desv: 4.74959


instance: ../instances/set_3_4/p3.4.n.txt
position: 32
420 430 430 430 430 430 420 420 430 430 430 420 430 430 430 430 430 430 420 420 430 420 430 430 430 420 430 430 430 420 430 430 
mean: 427.188
stand desv: 4.49609


instance: ../instances/set_3_4/p3.4.o.txt
position: 32
490 470 480 480 490 470 470 480 480 480 480 470 470 480 480 480 480 480 470 490 480 470 480 490 470 480 470 480 470 480 480 480 
mean: 478.125
stand desv: 6.34306


instance: ../instances/set_3_4/p3.4.p.txt
position: 32
530 530 520 520 520 520 510 520 520 520 530 520 520 510 530 540 530 530 520 530 520 520 530 520 520 530 520 530 520 530 520 520 
mean: 523.438
stand desv: 6.42718


instance: ../instances/set_3_4/p3.4.q.txt
position: 32
550 550 530 540 530 530 550 540 540 550 540 550 530 530 540 530 530 550 540 530 540 530 540 530 530 550 540 530 530 550 540 530 
mean: 538.125
stand desv: 8.07678


instance: ../instances/set_3_4/p3.4.r.txt
position: 32
570 560 580 570 570 570 570 590 560 570 590 580 570 580 560 570 570 570 580 570 560 580 580 560 580 570 580 580 580 570 580 580 
mean: 573.438
stand desv: 8.14301


instance: ../instances/set_3_4/p3.4.s.txt
position: 32
610 610 620 630 600 620 610 610 620 610 600 610 600 600 610 600 600 610 610 600 600 620 600 600 610 620 610 620 610 620 610 610 
mean: 609.688
stand desv: 8.0949


instance: ../instances/set_3_4/p3.4.t.txt
position: 32
650 660 640 640 640 640 630 630 630 630 650 630 640 640 630 630 630 660 630 650 650 630 630 640 640 640 630 630 660 640 640 630 
mean: 638.75
stand desv: 9.60143


instance: ../instances/set_4_2/p4.2.a.txt
position: 32
206 206 206 206 206 206 206 206 206 206 206 206 206 206 206 206 206 206 206 206 206 206 206 206 206 206 206 206 206 206 206 206 
mean: 206
stand desv: 0


instance: ../instances/set_4_2/p4.2.b.txt
position: 32
315 321 321 307 321 315 306 322 305 314 315 315 306 321 314 306 313 314 315 306 300 314 306 306 306 306 297 321 306 310 306 321 
mean: 311.594
stand desv: 6.7308


instance: ../instances/set_4_2/p4.2.c.txt
position: 32
421 442 424 438 442 442 415 442 442 419 442 442 438 424 426 433 442 422 438 442 443 442 419 419 422 421 442 426 422 442 442 419 
mean: 432.344
stand desv: 10.0518


instance: ../instances/set_4_2/p4.2.d.txt
position: 32
501 487 493 502 504 493 504 501 492 492 493 479 509 492 503 487 504 485 504 479 497 489 504 501 501 485 501 479 493 468 508 501 
mean: 494.719
stand desv: 9.68967


instance: ../instances/set_4_2/p4.2.e.txt
position: 32
556 565 545 552 526 531 539 562 543 539 537 556 539 548 535 543 538 541 539 556 541 531 532 543 530 539 541 550 565 530 543 562 
mean: 543.656
stand desv: 10.5996


instance: ../instances/set_4_2/p4.2.f.txt
position: 32
610 609 599 607 585 604 584 595 585 590 605 579 583 593 584 599 600 583 599 599 583 590 599 599 588 622 603 588 585 604 584 581 
mean: 594.312
stand desv: 10.3454


instance: ../instances/set_4_2/p4.2.g.txt
position: 32
636 634 632 618 626 631 633 626 624 616 616 617 628 617 634 619 624 631 627 633 628 638 627 633 616 631 627 633 612 632 623 622 
mean: 626.375
stand desv: 6.90448


instance: ../instances/set_4_2/p4.2.h.txt
position: 32
701 681 678 682 697 698 678 687 680 698 678 695 692 678 694 703 705 701 684 688 690 678 670 703 701 675 684 702 701 699 681 669 
mean: 689.094
stand desv: 10.7015


instance: ../instances/set_4_2/p4.2.i.txt
position: 32
733 737 727 733 721 740 755 747 735 727 735 728 760 724 727 733 745 732 758 737 760 724 706 733 729 732 758 727 762 745 769 737 
mean: 738
stand desv: 14.0757


instance: ../instances/set_4_2/p4.2.j.txt
position: 32
758 760 745 785 779 768 763 800 778 760 764 784 758 760 745 781 793 778 763 800 758 771 779 764 762 770 763 800 793 770 763 779 
mean: 771.688
stand desv: 14.683


instance: ../instances/set_4_2/p4.2.k.txt
position: 32
793 822 788 806 805 800 796 782 801 797 794 805 814 791 790 806 805 800 801 805 827 812 814 826 798 794 795 793 809 826 796 782 
mean: 802.281
stand desv: 11.7293


instance: ../instances/set_4_2/p4.2.l.txt
position: 32
813 857 830 809 851 823 806 835 890 850 842 846 852 835 836 831 849 842 869 873 812 835 836 873 805 860 845 827 851 823 806 834 
mean: 838.938
stand desv: 20.8341


instance: ../instances/set_4_2/p4.2.m.txt
position: 32
886 884 885 863 857 857 862 863 861 862 872 889 892 852 868 905 847 875 862 896 871 857 853 852 854 857 852 883 871 869 887 882 
mean: 869.562
stand desv: 14.9456


instance: ../instances/set_4_2/p4.2.n.txt
position: 32
896 888 892 924 900 939 877 894 894 880 919 888 943 904 878 896 884 893 889 929 891 890 919 883 929 939 877 894 900 900 863 899 
mean: 899.719
stand desv: 19.8309


instance: ../instances/set_4_2/p4.2.o.txt
position: 32
917 920 951 912 905 908 945 931 897 898 943 911 918 924 936 913 935 950 909 930 918 928 906 927 924 908 924 950 910 913 906 926 
mean: 921.656
stand desv: 14.9219


instance: ../instances/set_4_2/p4.2.p.txt
position: 32
975 963 946 961 976 937 923 934 945 981 970 952 941 935 978 982 947 935 952 943 929 930 978 995 960 950 961 952 941 951 948 991 
mean: 955.062
stand desv: 18.8529


instance: ../instances/set_4_2/p4.2.q.txt
position: 32
950 962 940 954 1021 968 943 949 979 995 962 961 987 968 941 961 957 969 972 941 1021 968 960 970 979 995 991 962 955 991 963 975 
mean: 969.062
stand desv: 20.236


instance: ../instances/set_4_2/p4.2.r.txt
position: 32
998 977 995 985 1003 970 977 970 1014 980 1013 974 991 988 1013 984 991 982 960 992 996 983 981 990 1010 970 989 974 986 1013 1002 981 
mean: 988.5
stand desv: 14.0779


instance: ../instances/set_4_2/p4.2.s.txt
position: 32
1048 1023 989 998 979 1011 1055 1045 1013 987 1009 1011 1006 1020 1002 1011 999 1001 984 1014 1006 996 1007 1009 1013 1020 1009 1002 1000 999 1002 1011 
mean: 1008.72
stand desv: 16.4454


instance: ../instances/set_4_2/p4.2.t.txt
position: 32
1035 1027 992 1041 1014 1041 1012 1012 1018 1005 997 1008 1027 1005 1027 992 1005 1049 1030 1019 1018 991 1030 1033 1025 1022 997 1008 1018 1034 1010 1031 
mean: 1017.91
stand desv: 15.183


instance: ../instances/set_4_3/p4.3.a.txt
position: 32
0 0 0 0 0 0 0 0 0 0 0 0 0 0 0 0 0 0 0 0 0 0 0 0 0 0 0 0 0 0 0 0 
mean: 0
stand desv: 0


instance: ../instances/set_4_3/p4.3.b.txt
position: 32
38 38 38 38 38 38 38 38 38 38 38 38 38 38 38 38 38 38 38 38 38 38 38 38 38 38 38 38 38 38 38 38 
mean: 38
stand desv: 0


instance: ../instances/set_4_3/p4.3.c.txt
position: 32
187 187 187 187 187 187 187 187 186 177 187 187 182 187 187 187 187 187 187 182 187 187 187 187 187 186 193 187 187 186 193 187 
mean: 186.656
stand desv: 2.62927


instance: ../instances/set_4_3/p4.3.d.txt
position: 32
331 327 331 301 326 330 332 324 322 321 319 323 331 321 319 331 321 327 326 332 331 301 324 319 319 327 319 323 308 311 319 323 
mean: 322.469
stand desv: 7.97647


instance: ../instances/set_4_3/p4.3.e.txt
position: 32
413 429 430 410 424 423 420 419 433 424 417 420 420 426 417 432 432 432 413 437 418 425 417 424 429 424 426 419 429 419 412 437 
mean: 423.438
stand desv: 7.09286


instance: ../instances/set_4_3/p4.3.f.txt
position: 32
515 503 502 504 501 505 515 527 502 510 509 500 509 502 510 518 507 510 506 518 513 502 500 514 515 507 518 518 516 506 502 521 
mean: 509.531
stand desv: 6.97757


instance: ../instances/set_4_3/p4.3.g.txt
position: 32
589 590 589 593 609 585 590 582 600 575 590 586 575 597 583 577 597 575 596 595 568 590 590 600 592 590 597 590 578 590 590 590 
mean: 588.688
stand desv: 8.57845


instance: ../instances/set_4_3/p4.3.h.txt
position: 32
631 622 644 620 622 637 634 637 632 624 637 653 632 632 636 634 628 626 658 628 638 640 642 653 640 622 636 638 633 622 623 636 
mean: 634.062
stand desv: 9.28015


instance: ../instances/set_4_3/p4.3.i.txt
position: 32
668 666 674 669 656 657 657 667 675 701 681 667 675 649 673 673 674 655 681 670 646 685 663 659 668 683 696 683 667 673 681 683 
mean: 671.094
stand desv: 12.2484


instance: ../instances/set_4_3/p4.3.j.txt
position: 32
698 700 743 698 712 686 698 692 701 685 722 691 678 697 700 704 708 685 687 707 709 690 723 712 709 699 682 708 718 685 708 684 
mean: 700.594
stand desv: 13.9796


instance: ../instances/set_4_3/p4.3.k.txt
position: 32
752 743 755 760 757 732 742 750 766 774 739 767 739 754 765 745 759 730 746 737 766 769 742 759 764 736 741 754 764 754 754 758 
mean: 752.281
stand desv: 11.5738


instance: ../instances/set_4_3/p4.3.l.txt
position: 32
783 779 792 844 795 808 773 772 799 809 821 797 774 798 817 860 794 818 801 783 765 791 803 802 799 797 783 793 774 790 787 783 
mean: 796.375
stand desv: 19.8144


instance: ../instances/set_4_3/p4.3.m.txt
position: 32
822 820 851 856 834 828 830 833 829 857 834 858 847 837 866 834 829 865 853 858 831 854 820 842 831 836 825 831 868 831 841 853 
mean: 840.75
stand desv: 14.0423


instance: ../instances/set_4_3/p4.3.n.txt
position: 32
877 902 888 885 884 894 927 894 871 932 891 908 894 936 886 910 891 912 891 921 887 890 865 882 863 893 898 908 880 936 873 870 
mean: 894.969
stand desv: 19.496


instance: ../instances/set_4_3/p4.3.o.txt
position: 32
922 924 910 911 905 951 935 913 936 942 965 922 919 924 941 915 922 922 921 940 964 942 921 892 922 948 965 945 917 929 916 920 
mean: 928.781
stand desv: 17.3236


instance: ../instances/set_4_3/p4.3.p.txt
position: 32
959 971 986 958 954 980 952 978 948 947 952 960 989 963 973 937 946 953 968 937 964 949 1011 954 948 946 952 976 930 920 942 956 
mean: 958.094
stand desv: 18.1545


instance: ../instances/set_4_3/p4.3.q.txt
position: 32
1009 985 996 970 972 973 995 986 994 983 961 963 967 946 990 957 1016 978 989 966 979 1004 981 962 970 978 970 964 979 980 966 959 
mean: 977.75
stand desv: 15.6325


instance: ../instances/set_4_3/p4.3.r.txt
position: 32
983 984 999 1021 999 975 1008 988 991 990 1000 1037 1033 978 1000 988 1008 993 1021 984 1007 993 1019 982 1004 1022 984 984 989 983 1021 1022 
mean: 999.688
stand desv: 16.7937


instance: ../instances/set_4_3/p4.3.s.txt
position: 32
993 1017 1010 1030 1044 1097 1014 1032 1037 1041 1004 1036 1033 1019 1048 1050 1050 1014 1041 1026 1009 1015 1025 1045 1000 1020 1022 1030 1041 1026 1046 1013 
mean: 1029
stand desv: 19.3988


instance: ../instances/set_4_3/p4.3.t.txt
position: 32
1028 1051 1048 1057 1014 1036 1024 1074 1065 1036 1051 1036 1036 1056 1031 1055 1022 1041 1022 1046 1035 1037 1060 1039 1044 1046 1043 1024 1075 1036 1035 1005 
mean: 1040.88
stand desv: 15.7931


instance: ../instances/set_4_4/p4.4.a.txt
position: 32
0 0 0 0 0 0 0 0 0 0 0 0 0 0 0 0 0 0 0 0 0 0 0 0 0 0 0 0 0 0 0 0 
mean: 0
stand desv: 0


instance: ../instances/set_4_4/p4.4.b.txt
position: 32
0 0 0 0 0 0 0 0 0 0 0 0 0 0 0 0 0 0 0 0 0 0 0 0 0 0 0 0 0 0 0 0 
mean: 0
stand desv: 0


instance: ../instances/set_4_4/p4.4.c.txt
position: 32
0 0 0 0 0 0 0 0 0 0 0 0 0 0 0 0 0 0 0 0 0 0 0 0 0 0 0 0 0 0 0 0 
mean: 0
stand desv: 0


instance: ../instances/set_4_4/p4.4.d.txt
position: 32
38 38 38 38 38 38 38 38 38 38 38 38 38 38 38 38 38 38 38 38 38 38 38 38 38 38 38 38 38 38 38 38 
mean: 38
stand desv: 0


instance: ../instances/set_4_4/p4.4.e.txt
position: 32
171 171 171 171 170 171 171 172 172 172 171 171 171 171 171 171 172 171 172 171 172 171 172 171 171 170 172 172 171 171 172 170 
mean: 171.219
stand desv: 0.598664


instance: ../instances/set_4_4/p4.4.f.txt
position: 32
310 323 323 323 323 323 323 310 323 311 323 323 323 323 311 323 323 307 323 324 310 323 323 323 323 323 306 310 310 311 323 308 
mean: 318.375
stand desv: 6.52759


instance: ../instances/set_4_4/p4.4.g.txt
position: 32
420 420 415 419 419 419 413 419 399 407 447 432 429 417 410 419 424 423 413 430 404 420 408 408 404 405 406 432 427 423 408 408 
mean: 417.094
stand desv: 10.2572


instance: ../instances/set_4_4/p4.4.h.txt
position: 32
496 513 509 505 508 507 500 513 504 510 494 501 496 508 513 485 505 505 504 495 508 489 510 502 510 492 513 489 508 517 497 501 
mean: 503.344
stand desv: 7.98283


instance: ../instances/set_4_4/p4.4.i.txt
position: 32
576 580 579 590 584 575 585 575 573 577 569 581 581 576 575 568 568 572 575 575 565 577 578 582 581 581 589 574 574 592 576 575 
mean: 577.438
stand desv: 6.1336


instance: ../instances/set_4_4/p4.4.j.txt
position: 32
651 635 656 640 647 645 662 652 645 649 640 651 646 636 642 653 640 642 645 665 640 647 640 654 649 640 650 640 651 646 641 632 
mean: 646
stand desv: 7.30154


instance: ../instances/set_4_4/p4.4.k.txt
position: 32
696 716 719 703 712 701 702 714 695 700 693 713 706 700 690 705 693 680 712 714 697 697 704 706 696 714 717 706 719 695 692 709 
mean: 703.625
stand desv: 9.51561


instance: ../instances/set_4_4/p4.4.l.txt
position: 32
735 734 748 737 742 755 727 726 729 730 741 740 732 733 718 717 733 734 742 735 747 737 755 733 732 736 766 724 734 727 727 733 
mean: 735.594
stand desv: 10.2099


instance: ../instances/set_4_4/p4.4.m.txt
position: 32
756 769 769 766 780 787 753 743 778 756 756 767 772 756 791 769 767 748 767 767 773 762 754 761 769 787 765 775 771 762 752 759 
mean: 765.844
stand desv: 11.1049


instance: ../instances/set_4_4/p4.4.n.txt
position: 32
827 812 802 810 796 821 792 807 777 811 815 788 806 829 800 788 799 813 787 792 829 821 820 799 775 802 778 792 779 804 792 798 
mean: 801.906
stand desv: 15.061


instance: ../instances/set_4_4/p4.4.o.txt
position: 32
851 848 873 833 847 858 836 840 831 841 866 839 851 863 848 870 841 842 829 847 839 832 878 851 847 871 863 832 868 876 841 842 
mean: 849.812
stand desv: 14.2488


instance: ../instances/set_4_4/p4.4.p.txt
position: 32
919 928 883 900 906 880 911 885 888 892 878 889 881 908 887 892 874 912 903 920 905 918 913 889 908 895 928 880 919 892 911 883 
mean: 899.281
stand desv: 15.4581


instance: ../instances/set_4_4/p4.4.q.txt
position: 32
961 920 941 946 955 921 943 924 954 911 926 912 954 925 918 933 923 1004 946 943 937 929 924 1006 949 938 956 921 934 942 950 941 
mean: 940.219
stand desv: 21.4429


instance: ../instances/set_4_4/p4.4.r.txt
position: 32
973 940 963 981 963 984 967 954 974 961 971 994 970 989 1000 977 969 987 999 954 985 958 1000 1006 974 990 965 951 968 969 1000 983 
mean: 975.594
stand desv: 16.2016


instance: ../instances/set_4_4/p4.4.s.txt
position: 32
993 1034 999 1022 1007 1013 997 985 1004 1019 1033 1012 998 1014 1022 1030 1021 1052 1005 1011 983 1001 1011 1055 1011 997 1039 996 995 1018 1034 1032 
mean: 1013.84
stand desv: 17.7889


instance: ../instances/set_4_4/p4.4.t.txt
position: 29
1029 1080 1042 1040 1031 1064 1016 1049 1046 1050 1083 1023 1052 1040 1053 1088 1043 1023 1045 1084 1028 1051 1042 1015 1025 1039 1021 1031 1024 
mean: 1043.34
stand desv: 20.071


